      n  method     pi-||H_n||  lam_min*n/log n  (pi-||H||)n/log n     sec
     16   dense 4.4525236892e-01         0.408941           2.569454     0.0
     32   dense 2.4575447856e-01         0.361140           2.269112     0.0
     64   dense 1.3353826277e-01         0.327061           2.054987     0.0
    128   dense 7.1797587544e-02         0.301451           1.894071     0.0
    256   dense 3.8310207726e-02         0.281488           1.768638     0.0
    256 lanczos 3.8310207726e-02         0.281488           1.768638     0.1
    512   dense 2.0324755949e-02         0.265490           1.668120     0.1
    512 lanczos 2.0324755949e-02         0.265490           1.668120     0.1
   1024   dense 1.0734098465e-02         0.252383           1.585770     0.4
   1024 lanczos 1.0734098465e-02         0.252383           1.585770     0.1
   2048   dense 5.6479585530e-03         0.241448           1.517062     1.5
   2048 lanczos 5.6479585530e-03         0.241448           1.517062     0.2
   4096   dense 2.9624906918e-03         0.232183           1.458849     6.4
   4096 lanczos 2.9624906918e-03         0.232183           1.458849     0.5
   8192 lanczos 1.5497109230e-03         0.224229           1.408873     1.5
  16384 lanczos 8.0875701217e-04         0.217322           1.365477     3.4
  32768 lanczos 4.2118688687e-04         0.211265           1.327419    13.6
  65536 lanczos 2.1893518761e-04         0.205907           1.293749    37.8
 131072 lanczos 1.1361065245e-04         0.201129           1.263731   167.3
 262144 lanczos 5.8864318044e-05         0.196840           1.236785   573.2
