
[double]      n         t          mu       ell  log(1/mu)  pi^2 ell+C   margin
           300   1.0e-01  1.6984e-02   0.90805     4.0755      9.9337   5.8582
           300   3.2e-02  4.8126e-03   1.11006     5.3365     11.9275   6.5909
           300   1.0e-02  1.4230e-03   1.28895     6.5550     13.6931   7.1381
           300   3.2e-03  4.3122e-04   1.45504     7.7489     15.3323   7.5834
           300   1.0e-03  1.3247e-04   1.61355     8.9292     16.8967   7.9675
           300   3.2e-04  4.1014e-05   1.76717    10.1016     18.4129   8.3113
           300   1.0e-04  1.2763e-05   1.91731    11.2690     19.8947   8.6258
           300   3.2e-05  3.9826e-06   2.06490    12.4336     21.3514   8.9178
           300   1.0e-05  1.2448e-06   2.21051    13.5965     22.7885   9.1920
           300   3.2e-06  3.9005e-07   2.35434    14.7570     24.2080   9.4510
           300   1.0e-06  1.2238e-07   2.49668    15.9162     25.6128   9.6967
           300   3.2e-07  3.8372e-08   2.63800    17.0759     27.0076   9.9316
           300   1.0e-07  1.2061e-08   2.77808    18.2333     28.3902  10.1569
           300   3.2e-08  3.7944e-09   2.91710    19.3898     29.7622  10.3725
           300   1.0e-08  1.1913e-09   3.05561    20.5482     31.1293  10.5811
           300   3.2e-09  3.7540e-10   3.19303    21.7030     32.4855  10.7825
           300   1.0e-09  1.1819e-10   3.32977    22.8588     33.8351  10.9763
           300   3.2e-10  3.7147e-11   3.46625    24.0161     35.1821  11.1660
           300   1.0e-10  1.1736e-11   3.60152    25.1684     36.5172  11.3488
           300   3.2e-11  3.6884e-12   3.73683    26.3258     37.8527  11.5268
           300   1.0e-11  1.1636e-12   3.87143    27.4795     39.1811  11.7015
           300   3.2e-12  3.6729e-13   4.00526    28.6326     40.5020  11.8694
           300   1.0e-12  1.1538e-13   4.13946    29.7906     41.8264  12.0359
           600   1.0e-01  1.6989e-02   0.90830     4.0752      9.9362   5.8610
           600   3.2e-02  4.8143e-03   1.11037     5.3362     11.9306   6.5944
           600   1.0e-02  1.4235e-03   1.28933     6.5546     13.6968   7.1421
           600   3.2e-03  4.3135e-04   1.45547     7.7486     15.3365   7.5879
           600   1.0e-03  1.3251e-04   1.61403     8.9288     16.9014   7.9726
           600   3.2e-04  4.1028e-05   1.76768    10.1012     18.4179   8.3167
           600   1.0e-04  1.2764e-05   1.91790    11.2689     19.9005   8.6316
           600   3.2e-05  3.9832e-06   2.06552    12.4334     21.3575   8.9240
           600   1.0e-05  1.2455e-06   2.21110    13.5960     22.7943   9.1984
           600   3.2e-06  3.9005e-07   2.35500    14.7570     24.2145   9.4575
           600   1.0e-06  1.2232e-07   2.49744    15.9166     25.6204   9.7038
           600   3.2e-07  3.8402e-08   2.63862    17.0751     27.0138   9.9386
           600   1.0e-07  1.2062e-08   2.77875    18.2332     28.3968  10.1636
           600   3.2e-08  3.7903e-09   2.91795    19.3908     29.7706  10.3798
           600   1.0e-08  1.1923e-09   3.05624    20.5474     31.1355  10.5881
           600   3.2e-09  3.7530e-10   3.19371    21.7033     32.4922  10.7889
           600   1.0e-09  1.1809e-10   3.33057    22.8596     33.8430  10.9834
           600   3.2e-10  3.7176e-11   3.46678    24.0154     35.1874  11.1720
           600   1.0e-10  1.1718e-11   3.60229    25.1699     36.5248  11.3549
           600   3.2e-11  3.6912e-12   3.73733    26.3251     37.8576  11.5325
           600   1.0e-11  1.1625e-12   3.87196    27.4805     39.1864  11.7059
           600   3.2e-12  3.6674e-13   4.00595    28.6341     40.5087  11.8746
           600   1.0e-12  1.1555e-13   4.13960    29.7891     41.8278  12.0387
          1200   1.0e-01  1.6993e-02   0.90841     4.0750      9.9373   5.8623
          1200   3.2e-02  4.8152e-03   1.11052     5.3360     11.9320   6.5961
          1200   1.0e-02  1.4237e-03   1.28951     6.5545     13.6986   7.1441
          1200   3.2e-03  4.3142e-04   1.45568     7.7484     15.3386   7.5902
          1200   1.0e-03  1.3253e-04   1.61426     8.9287     16.9037   7.9751
          1200   3.2e-04  4.1035e-05   1.76794    10.1011     18.4205   8.3194
          1200   1.0e-04  1.2766e-05   1.91818    11.2688     19.9033   8.6346
          1200   3.2e-05  3.9835e-06   2.06583    12.4334     21.3606   8.9272
          1200   1.0e-05  1.2457e-06   2.21143    13.5958     22.7976   9.2017
          1200   3.2e-06  3.9014e-07   2.35533    14.7568     24.2178   9.4611
          1200   1.0e-06  1.2234e-07   2.49780    15.9165     25.6239   9.7074
          1200   3.2e-07  3.8398e-08   2.63903    17.0753     27.0178   9.9425
          1200   1.0e-07  1.2062e-08   2.77916    18.2332     28.4008  10.1676
          1200   3.2e-08  3.7917e-09   2.91832    19.3904     29.7743  10.3839
          1200   1.0e-08  1.1925e-09   3.05663    20.5472     31.1394  10.5922
          1200   3.2e-09  3.7519e-10   3.19417    21.7036     32.4968  10.7932
          1200   1.0e-09  1.1809e-10   3.33101    22.8596     33.8474  10.9878
          1200   3.2e-10  3.7188e-11   3.46719    24.0150     35.1914  11.1763
          1200   1.0e-10  1.1715e-11   3.60276    25.1701     36.5294  11.3593
          1200   3.2e-11  3.6910e-12   3.73780    26.3251     37.8622  11.5371
          1200   1.0e-11  1.1629e-12   3.87236    27.4801     39.1902  11.7102
          1200   3.2e-12  3.6655e-13   4.00643    28.6346     40.5135  11.8788
          1200   1.0e-12  1.1553e-13   4.14007    29.7892     41.8325  12.0432

[mp]      n         t          mu       ell  log(1/mu)  pi^2 ell+C   margin
           120   3.2e-36  3.9241e-37  10.35823    83.8285    103.2033  19.3748
           120   1.0e-34  1.2384e-35   9.95527    80.3766     99.2262  18.8496
           120   3.2e-33  3.9098e-34   9.55359    76.9244     95.2617  18.3373
           120   1.0e-31  1.2279e-32   9.15375    73.4774     91.3155  17.8381
           120   3.2e-30  3.8123e-31   8.75660    70.0419     87.3958  17.3539
           120   1.0e-28  1.1669e-29   8.36280    66.6206     83.5091  16.8885
           120   3.2e-27  3.5475e-28   7.97186    63.2062     79.6507  16.4446
           120   1.0e-25  1.0947e-26   7.58125    59.7767     75.7956  16.0189
           120   3.2e-24  3.5096e-25   7.18716    56.3091     71.9061  15.5969
           120   1.0e-22  1.1569e-23   6.78831    52.8137     67.9695  15.1558
           120   3.2e-21  3.7236e-22   6.38988    49.3422     64.0372  14.6950
           120   1.0e-19  1.1399e-20   5.99782    45.9207     60.1677  14.2470
           120   3.2e-18  3.5389e-19   5.60629    42.4853     56.3035  13.8182
           120   1.0e-16  1.1612e-17   5.20655    38.9945     52.3582  13.3637
           120   3.2e-15  3.6713e-16   4.80767    35.5408     48.4214  12.8806
           120   1.0e-13  1.1433e-14   4.41127    32.1023     44.5091  12.4069
           120   3.2e-12  3.7291e-13   4.00615    28.6175     40.5107  11.8933
           120   1.0e-10  1.1662e-11   3.60285    25.1747     36.5303  11.3557
           120   3.2e-09  3.7860e-10   3.19151    21.6946     32.4705  10.7760
           120   1.0e-07  1.2029e-08   2.77718    18.2359     28.3813  10.1454
           120   3.2e-06  3.9009e-07   2.35256    14.7569     24.1905   9.4336
           120   1.0e-04  1.2774e-05   1.91552    11.2681     19.8770   8.6089
           120   3.2e-03  4.3104e-04   1.45368     7.7493     15.3188   7.5695
           120   1.0e-01  1.6961e-02   0.90737     4.0768      9.9269   5.8501
           180   3.2e-36  3.5112e-37  10.25161    83.9397    102.1510  18.2113
           180   1.0e-34  1.1513e-35   9.85978    80.4495     98.2838  17.8342
           180   3.2e-33  3.6440e-34   9.47087    76.9948     94.4453  17.4505
           180   1.0e-31  1.1100e-32   9.08781    73.5784     90.6647  17.0863
           180   3.2e-30  3.4402e-31   8.70510    70.1446     86.8875  16.7429
           180   1.0e-28  1.1232e-29   8.31598    66.6588     83.0471  16.3882
           180   3.2e-27  3.6254e-28   7.92525    63.1844     79.1907  16.0063
           180   1.0e-25  1.1110e-26   7.54090    59.7620     75.3973  15.6353
           180   3.2e-24  3.5074e-25   7.15494    56.3098     71.5881  15.2783
           180   1.0e-22  1.1443e-23   6.76259    52.8246     67.7157  14.8910
           180   3.2e-21  3.5413e-22   6.37513    49.3924     63.8916  14.4992
           180   1.0e-19  1.1281e-20   5.98533    45.9311     60.0445  14.1133
           180   3.2e-18  3.6173e-19   5.59144    42.4634     56.1569  13.6935
           180   1.0e-16  1.1303e-17   5.20047    39.0214     52.2982  13.2767
           180   3.2e-15  3.6508e-16   4.80299    35.5464     48.3753  12.8288
           180   1.0e-13  1.1465e-14   4.40710    32.0995     44.4679  12.3684
           180   3.2e-12  3.6854e-13   4.00515    28.6292     40.5009  11.8717
           180   1.0e-10  1.1738e-11   3.60149    25.1682     36.5169  11.3487
           180   3.2e-09  3.7439e-10   3.19274    21.7057     32.4827  10.7770
           180   1.0e-07  1.2074e-08   2.77712    18.2322     28.3807  10.1484
           180   3.2e-06  3.9055e-07   2.35335    14.7557     24.1982   9.4425
           180   1.0e-04  1.2766e-05   1.91652    11.2687     19.8869   8.6182
           180   3.2e-03  4.3110e-04   1.45444     7.7492     15.3264   7.5772
           180   1.0e-01  1.6976e-02   0.90773     4.0760      9.9306   5.8546
           240   3.2e-36  3.4158e-37  10.21462    83.9672    101.7859  17.8186
           240   1.0e-34  1.1106e-35   9.83052    80.4856     97.9949  17.5093
           240   3.2e-33  3.5651e-34   9.44508    77.0167     94.1908  17.1741
           240   1.0e-31  1.0927e-32   9.06578    73.5941     90.4473  16.8532
           240   3.2e-30  3.4967e-31   8.68281    70.1283     86.6675  16.5392
           240   1.0e-28  1.1266e-29   8.29625    66.6558     82.8523  16.1965
           240   3.2e-27  3.4723e-28   7.91517    63.2276     79.0912  15.8636
           240   1.0e-25  1.1216e-26   7.52890    59.7524     75.2789  15.5265
           240   3.2e-24  3.5341e-25   7.14290    56.3022     71.4693  15.1671
           240   1.0e-22  1.1152e-23   6.75770    52.8504     67.6674  14.8170
           240   3.2e-21  3.5722e-22   6.36817    49.3837     63.8230  14.4393
           240   1.0e-19  1.1213e-20   5.98089    45.9372     60.0006  14.0634
           240   3.2e-18  3.5932e-19   5.58882    42.4701     56.1310  13.6609
           240   1.0e-16  1.1353e-17   5.19752    39.0170     52.2691  13.2521
           240   3.2e-15  3.6121e-16   4.80256    35.5571     48.3710  12.8140
           240   1.0e-13  1.1553e-14   4.40525    32.0919     44.4497  12.3578
           240   3.2e-12  3.6601e-13   4.00581    28.6361     40.5074  11.8713
           240   1.0e-10  1.1712e-11   3.60151    25.1704     36.5171  11.3467
           240   3.2e-09  3.7589e-10   3.19255    21.7017     32.4808  10.7791
           240   1.0e-07  1.2076e-08   2.77762    18.2321     28.3856  10.1535
           240   3.2e-06  3.9024e-07   2.35397    14.7565     24.2043   9.4478
           240   1.0e-04  1.2764e-05   1.91702    11.2689     19.8918   8.6229
           240   3.2e-03  4.3117e-04   1.45482     7.7490     15.3301   7.5811
           240   1.0e-01  1.6982e-02   0.90793     4.0756      9.9325   5.8569

local slope d log(1/mu)/d ell  (mp)
  n= 120  ell   0.907->  1.454  slope   6.722
  n= 120  ell   1.454->  1.916  slope   7.619
  n= 120  ell   1.916->  2.353  slope   7.983
  n= 120  ell   2.353->  2.777  slope   8.193
  n= 120  ell   2.777->  3.192  slope   8.348
  n= 120  ell   3.192->  3.603  slope   8.460
  n= 120  ell   3.603->  4.006  slope   8.537
  n= 120  ell   4.006->  4.411  slope   8.602
  n= 120  ell   4.411->  4.808  slope   8.675
  n= 120  ell   4.808->  5.207  slope   8.658
  n= 120  ell   5.207->  5.606  slope   8.733
  n= 120  ell   5.606->  5.998  slope   8.774
  n= 120  ell   5.998->  6.390  slope   8.727
  n= 120  ell   6.390->  6.788  slope   8.713
  n= 120  ell   6.788->  7.187  slope   8.764
  n= 120  ell   7.187->  7.581  slope   8.799
  n= 120  ell   7.581->  7.972  slope   8.780
  n= 120  ell   7.972->  8.363  slope   8.734
  n= 120  ell   8.363->  8.757  slope   8.688
  n= 120  ell   8.757->  9.154  slope   8.650
  n= 120  ell   9.154->  9.554  slope   8.621
  n= 120  ell   9.554->  9.955  slope   8.594
  n= 120  ell   9.955-> 10.358  slope   8.566
  n= 180  ell   0.908->  1.454  slope   6.719
  n= 180  ell   1.454->  1.917  slope   7.617
  n= 180  ell   1.917->  2.353  slope   7.982
  n= 180  ell   2.353->  2.777  slope   8.204
  n= 180  ell   2.777->  3.193  slope   8.357
  n= 180  ell   3.193->  3.601  slope   8.471
  n= 180  ell   3.601->  4.005  slope   8.574
  n= 180  ell   4.005->  4.407  slope   8.634
  n= 180  ell   4.407->  4.803  slope   8.707
  n= 180  ell   4.803->  5.200  slope   8.743
  n= 180  ell   5.200->  5.591  slope   8.804
  n= 180  ell   5.591->  5.985  slope   8.804
  n= 180  ell   5.985->  6.375  slope   8.880
  n= 180  ell   6.375->  6.763  slope   8.858
  n= 180  ell   6.763->  7.155  slope   8.883
  n= 180  ell   7.155->  7.541  slope   8.945
  n= 180  ell   7.541->  7.925  slope   8.904
  n= 180  ell   7.925->  8.316  slope   8.892
  n= 180  ell   8.316->  8.705  slope   8.958
  n= 180  ell   8.705->  9.088  slope   8.972
  n= 180  ell   9.088->  9.471  slope   8.919
  n= 180  ell   9.471->  9.860  slope   8.883
  n= 180  ell   9.860-> 10.252  slope   8.907
  n= 240  ell   0.908->  1.455  slope   6.717
  n= 240  ell   1.455->  1.917  slope   7.616
  n= 240  ell   1.917->  2.354  slope   7.982
  n= 240  ell   2.354->  2.778  slope   8.204
  n= 240  ell   2.778->  3.193  slope   8.362
  n= 240  ell   3.193->  3.602  slope   8.482
  n= 240  ell   3.602->  4.006  slope   8.572
  n= 240  ell   4.006->  4.405  slope   8.652
  n= 240  ell   4.405->  4.803  slope   8.722
  n= 240  ell   4.803->  5.198  slope   8.760
  n= 240  ell   5.198->  5.589  slope   8.825
  n= 240  ell   5.589->  5.981  slope   8.843
  n= 240  ell   5.981->  6.368  slope   8.899
  n= 240  ell   6.368->  6.758  slope   8.900
  n= 240  ell   6.758->  7.143  slope   8.961
  n= 240  ell   7.143->  7.529  slope   8.939
  n= 240  ell   7.529->  7.915  slope   8.997
  n= 240  ell   7.915->  8.296  slope   8.996
  n= 240  ell   8.296->  8.683  slope   8.983
  n= 240  ell   8.683->  9.066  slope   9.050
  n= 240  ell   9.066->  9.445  slope   9.023
  n= 240  ell   9.445->  9.831  slope   9.000
  n= 240  ell   9.831-> 10.215  slope   9.064
